T_surf(Jup) = 10318.8694 SI s
J_day       = 35730.0000 SI s
k           = 7042.51
z           = 2.016253e-08

Scanning: what division D of Jupiter's day gives T = N^2 ticks?
tick = J_day / D,  T_in_ticks = T / tick = T * D / J_day

D           T_in_ticks      sqrt   nearest_N      err%    tick(SI_s)
--------------------------------------------------------------------
1250            361.00   19.0000          19    0.0004     28.584000
1385            399.99   19.9997          20    0.0026     25.797834
1527            441.00   21.0000          21    0.0001     23.398821
1676            484.03   22.0007          22    0.0064     21.318616
2164            624.97   24.9993          25    0.0054     16.511091
2524            728.93   26.9988          27    0.0090     14.156101
2912            840.99   28.9998          29    0.0013     12.269918
3546           1024.09   32.0014          32    0.0087     10.076142
3771           1089.07   33.0011          33    0.0064      9.474940
4003           1156.07   34.0011          34    0.0062      8.925806
4242           1225.09   35.0014          35    0.0078      8.422914
4740           1368.92   36.9989          37    0.0060      7.537975
5000           1444.01   38.0001          38    0.0004      7.146000
5267           1521.12   39.0015          39    0.0076      6.783748
5540           1599.96   39.9995          40    0.0026      6.449458
5821           1681.11   41.0014          41    0.0067      6.138121
6108           1764.00   42.0000          42    0.0001      5.849705
6402           1848.91   42.9989          43    0.0051      5.581068
6703           1935.83   43.9981          44    0.0085      5.330449
6704           1936.12   44.0014          44    0.0064      5.329654
7012           2025.07   45.0008          45    0.0037      5.095550
7327           2116.05   46.0005          46    0.0022      4.876484
7649           2209.04   47.0004          47    0.0019      4.671199
7978           2304.06   48.0006          48    0.0025      4.478566
8313           2400.80   48.9980          49    0.0081      4.298087
8314           2401.09   49.0010          49    0.0039      4.297570
8656           2499.86   49.9986          50    0.0054      4.127773
8657           2500.15   50.0015          50    0.0061      4.127296
9006           2600.94   50.9995          51    0.0021      3.967355
9007           2601.23   51.0023          51    0.0090      3.966915
9362           2703.76   51.9977          52    0.0090      3.816492
9363           2704.05   52.0004          52    0.0017      3.816085
9726           2808.88   52.9989          53    0.0042      3.673658
9727           2809.17   53.0016          53    0.0061      3.673281
10096          2915.74   53.9976          54    0.0090      3.539025
10097          2916.03   54.0002          54    0.0009      3.538675
10474          3024.90   54.9991          55    0.0032      3.411304
10475          3025.19   55.0018          55    0.0064      3.410979
10858          3135.80   55.9983          56    0.0062      3.290661
10859          3136.09   56.0008          56    0.0030      3.290358
11249          3248.73   56.9976          57    0.0084      3.176282
11250          3249.01   57.0001          57    0.0004      3.176000
11251          3249.30   57.0027          57    0.0093      3.175718
11647          3363.67   57.9971          58    0.0099      3.067743
11648          3363.96   57.9996          58    0.0013      3.067479
11649          3364.25   58.0021          58    0.0073      3.067216
12053          3480.92   58.9993          59    0.0022      2.964407
12054          3481.21   59.0018          59    0.0060      2.964161
12465          3599.91   59.9992          60    0.0026      2.866426
12466          3600.20   60.0016          60    0.0055      2.866196
12884          3720.92   60.9993          61    0.0023      2.773207
12885          3721.20   61.0017          61    0.0055      2.772992
13309          3843.66   61.9972          62    0.0089      2.684649
13310          3843.94   61.9996          62    0.0014      2.684448
13311          3844.23   62.0019          62    0.0061      2.684246
13742          3968.71   62.9977          63    0.0074      2.600058
13743          3969.00   63.0000          63    0.0001      2.599869
13744          3969.28   63.0023          63    0.0072      2.599680
14182          4095.78   63.9983          64    0.0054      2.519391
14183          4096.07   64.0005          64    0.0017      2.519213
14184          4096.36   64.0028          64    0.0087      2.519036
14628          4224.58   64.9968          65    0.0098      2.442576
14629          4224.87   64.9990          65    0.0030      2.442409
14630          4225.16   65.0013          65    0.0038      2.442242
15082          4355.70   65.9977          66    0.0069      2.369049
15083          4355.99   65.9999          66    0.0002      2.368892
15084          4356.28   66.0021          66    0.0064      2.368735
15543          4488.84   66.9988          67    0.0036      2.298784
15544          4489.13   67.0009          67    0.0028      2.298636
15545          4489.42   67.0031          67    0.0093      2.298488
16010          4623.71   67.9979          68    0.0063      2.231730
16011          4624.00   68.0000          68    0.0001      2.231591
16012          4624.29   68.0021          68    0.0062      2.231451
16484          4760.60   68.9971          69    0.0084      2.167556
16485          4760.89   68.9992          69    0.0023      2.167425
16486          4761.18   69.0013          69    0.0037      2.167293
16487          4761.47   69.0034          69    0.0098      2.167162
16965          4899.51   69.9965          70    0.0099      2.106101
16966          4899.80   69.9986          70    0.0040      2.105977
16967          4900.09   70.0007          70    0.0019      2.105853
16968          4900.38   70.0027          70    0.0078      2.105728
17454          5040.74   70.9982          71    0.0052      2.047095
17455          5041.03   71.0002          71    0.0005      2.046978
17456          5041.31   71.0022          71    0.0062      2.046861
17949          5183.69   71.9979          72    0.0059      1.990640
17950          5183.98   71.9999          72    0.0003      1.990529
17951          5184.27   72.0019          72    0.0052      1.990418
18451          5328.67   72.9978          73    0.0062      1.936480
18452          5328.96   72.9997          73    0.0007      1.936375
18453          5329.25   73.0017          73    0.0047      1.936271
18960          5475.67   73.9978          74    0.0060      1.884494
18961          5475.96   73.9997          74    0.0007      1.884394
18962          5476.25   74.0017          74    0.0046      1.884295
18963          5476.54   74.0036          74    0.0098      1.884196
19476          5624.69   74.9980          75    0.0054      1.834566
19477          5624.98   74.9999          75    0.0003      1.834471
19478          5625.27   75.0018          75    0.0048      1.834377
19479          5625.56   75.0037          75    0.0100      1.834283
19998          5775.45   75.9964          76    0.0096      1.786679
19999          5775.74   75.9983          76    0.0046      1.786589
20000          5776.03   76.0002          76    0.0004      1.786500
20001          5776.31   76.0021          76    0.0054      1.786411
20528          5928.51   76.9968          77    0.0082      1.740549
20529          5928.80   76.9987          77    0.0034      1.740465
20530          5929.09   77.0006          77    0.0015      1.740380
20531          5929.38   77.0025          77    0.0064      1.740295
21065          6083.60   77.9974          78    0.0066      1.696178
21066          6083.89   77.9993          78    0.0018      1.696098
21067          6084.18   78.0011          78    0.0029      1.696017
21068          6084.47   78.0030          78    0.0076      1.695937
21608          6240.42   78.9963          79    0.0093      1.653554
21609          6240.71   78.9981          79    0.0047      1.653478
21610          6241.00   79.0000          79    0.0001      1.653401
21611          6241.28   79.0018          79    0.0046      1.653325
21612          6241.57   79.0036          79    0.0092      1.653248
22159          6399.55   79.9972          80    0.0071      1.612437
22160          6399.84   79.9990          80    0.0026      1.612365
22161          6400.12   80.0008          80    0.0020      1.612292
22162          6400.41   80.0026          80    0.0065      1.612219
22716          6560.41   80.9964          81    0.0090      1.572900
22717          6560.70   80.9981          81    0.0046      1.572831
22718          6560.99   80.9999          81    0.0002      1.572762
22719          6561.28   81.0017          81    0.0042      1.572692
22720          6561.56   81.0035          81    0.0086      1.572623
23281          6723.58   81.9975          82    0.0062      1.534728
23282          6723.87   81.9992          82    0.0019      1.534662
23283          6724.16   82.0010          82    0.0024      1.534596
23284          6724.45   82.0027          82    0.0067      1.534530
23852          6888.49   82.9969          83    0.0074      1.497988
23853          6888.78   82.9987          83    0.0032      1.497925
23854          6889.07   83.0004          83    0.0010      1.497862
23855          6889.35   83.0021          83    0.0051      1.497799
23856          6889.64   83.0039          83    0.0093      1.497736
24430          7055.42   83.9965          84    0.0083      1.462546
24431          7055.70   83.9982          84    0.0042      1.462486
24432          7055.99   84.0000          84    0.0001      1.462426
24433          7056.28   84.0017          84    0.0040      1.462366
24434          7056.57   84.0034          84    0.0081      1.462307
25015          7224.36   84.9963          85    0.0088      1.428343
25016          7224.65   84.9980          85    0.0048      1.428286
25017          7224.94   84.9997          85    0.0008      1.428229
25018          7225.23   85.0014          85    0.0032      1.428172
25019          7225.52   85.0031          85    0.0072      1.428115
25607          7395.33   85.9961          86    0.0090      1.395322
25608          7395.62   85.9978          86    0.0051      1.395267
25609          7395.91   85.9995          86    0.0012      1.395213
25610          7396.20   86.0012          86    0.0027      1.395158
25611          7396.49   86.0028          86    0.0066      1.395104
26206          7568.33   86.9961          87    0.0089      1.363428
26207          7568.61   86.9978          87    0.0051      1.363376
26208          7568.90   86.9994          87    0.0013      1.363324
26209          7569.19   87.0011          87    0.0025      1.363272
26210          7569.48   87.0028          87    0.0064      1.363220
26812          7743.34   87.9962          88    0.0085      1.332612
26813          7743.63   87.9979          88    0.0048      1.332563
26814          7743.92   87.9995          88    0.0011      1.332513
26815          7744.21   88.0012          88    0.0027      1.332463
26816          7744.49   88.0028          88    0.0064      1.332413
27425          7920.37   88.9965          89    0.0079      1.302826
27426          7920.66   88.9981          89    0.0042      1.302778
27427          7920.95   88.9997          89    0.0006      1.302731
27428          7921.24   89.0014          89    0.0030      1.302683
27429          7921.53   89.0030          89    0.0067      1.302636
28045          8099.43   89.9968          90    0.0070      1.274024
28046          8099.72   89.9984          90    0.0035      1.273978
28047          8100.01   90.0001          90    0.0001      1.273933
28048          8100.30   90.0017          90    0.0037      1.273888
28049          8100.59   90.0033          90    0.0072      1.273842
28671          8280.22   90.9957          91    0.0094      1.246207
28672          8280.51   90.9973          91    0.0059      1.246164
28673          8280.80   90.9989          91    0.0024      1.246120
28674          8281.09   91.0005          91    0.0011      1.246077
28675          8281.38   91.0021          91    0.0045      1.246033
28676          8281.67   91.0037          91    0.0080      1.245990
29305          8463.32   91.9963          92    0.0080      1.219246
29306          8463.61   91.9979          92    0.0046      1.219204
29307          8463.90   91.9994          92    0.0012      1.219163
29308          8464.19   92.0010          92    0.0022      1.219121
29309          8464.48   92.0026          92    0.0056      1.219079
29310          8464.77   92.0042          92    0.0090      1.219038
29945          8648.15   92.9955          93    0.0098      1.193188
29946          8648.44   92.9970          93    0.0064      1.193148
29947          8648.73   92.9986          93    0.0031      1.193108
29948          8649.02   93.0001          93    0.0002      1.193068
29949          8649.31   93.0017          93    0.0036      1.193028
29950          8649.60   93.0032          93    0.0069      1.192988
30593          8835.30   93.9963          94    0.0080      1.167914
30594          8835.59   93.9978          94    0.0047      1.167876
30595          8835.87   93.9993          94    0.0014      1.167838
30596          8836.16   94.0009          94    0.0019      1.167800
30597          8836.45   94.0024          94    0.0051      1.167762
30598          8836.74   94.0039          94    0.0084      1.167723
31247          9024.17   94.9956          95    0.0092      1.143470
31248          9024.46   94.9972          95    0.0060      1.143433
31249          9024.75   94.9987          95    0.0028      1.143397
31250          9025.04   95.0002          95    0.0004      1.143360
31251          9025.33   95.0017          95    0.0036      1.143323
31252          9025.62   95.0032          95    0.0068      1.143287
31909          9215.36   95.9967          96    0.0069      1.119747
31910          9215.65   95.9982          96    0.0038      1.119712
31911          9215.94   95.9997          96    0.0007      1.119677
31912          9216.23   96.0012          96    0.0025      1.119642
31913          9216.51   96.0027          96    0.0056      1.119606
31914          9216.80   96.0042          96    0.0087      1.119571
32577          9408.28   96.9963          97    0.0077      1.096786
32578          9408.57   96.9978          97    0.0046      1.096752
32579          9408.86   96.9993          97    0.0015      1.096719
32580          9409.15   97.0007          97    0.0015      1.096685
32581          9409.43   97.0022          97    0.0046      1.096651
32582          9409.72   97.0037          97    0.0077      1.096618
33252          9603.22   97.9960          98    0.0081      1.074522
33253          9603.51   97.9975          98    0.0051      1.074490
33254          9603.80   97.9990          98    0.0021      1.074457
33255          9604.09   98.0004          98    0.0009      1.074425
33256          9604.38   98.0019          98    0.0039      1.074393
33257          9604.66   98.0034          98    0.0069      1.074360
33258          9604.95   98.0049          98    0.0099      1.074328
33934          9800.18   98.9959          99    0.0083      1.052926
33935          9800.47   98.9973          99    0.0054      1.052895
33936          9800.76   98.9988          99    0.0025      1.052864
33937          9801.05   99.0002          99    0.0005      1.052833
33938          9801.34   99.0017          99    0.0034      1.052802
33939          9801.63   99.0032          99    0.0064      1.052771
33940          9801.92   99.0046          99    0.0093      1.052740
34623          9999.17   99.9958         100    0.0083      1.031973
34624          9999.46   99.9973         100    0.0054      1.031943
34625          9999.74   99.9987         100    0.0026      1.031913
34626         10000.03  100.0002         100    0.0003      1.031884
34627         10000.32  100.0016         100    0.0032      1.031854
34628         10000.61  100.0031         100    0.0061      1.031824
34629         10000.90  100.0045         100    0.0090      1.031794
35319         10200.17  100.9959         101    0.0081      1.011637
35320         10200.46  100.9973         101    0.0053      1.011608
35321         10200.75  100.9988         101    0.0025      1.011580
35322         10201.04  101.0002         101    0.0004      1.011551
35323         10201.33  101.0016         101    0.0032      1.011522
35324         10201.62  101.0030         101    0.0060      1.011494
35325         10201.90  101.0045         101    0.0089      1.011465
36022         10403.20  101.9961         102    0.0077      0.991894
36023         10403.49  101.9975         102    0.0049      0.991866
36024         10403.78  101.9989         102    0.0021      0.991839
36025         10404.07  102.0003         102    0.0006      0.991811
36026         10404.35  102.0017         102    0.0034      0.991784
36027         10404.64  102.0032         102    0.0062      0.991756
36028         10404.93  102.0046         102    0.0090      0.991729
36731         10607.96  102.9949         103    0.0098      0.972748
36732         10608.25  102.9964         103    0.0071      0.972721
36733         10608.54  102.9978         103    0.0044      0.972695
36734         10608.83  102.9992         103    0.0016      0.972668
36735         10609.11  103.0006         103    0.0011      0.972642
36736         10609.40  103.0020         103    0.0038      0.972615
36737         10609.69  103.0034         103    0.0065      0.972589
36738         10609.98  103.0048         103    0.0092      0.972562
37448         10815.03  103.9953         104    0.0090      0.954123
37449         10815.32  103.9967         104    0.0063      0.954098
37450         10815.61  103.9981         104    0.0036      0.954072
37451         10815.90  103.9995         104    0.0010      0.954047
37452         10816.19  104.0009         104    0.0017      0.954021
37453         10816.47  104.0023         104    0.0044      0.953996
37454         10816.76  104.0037         104    0.0071      0.953970
37455         10817.05  104.0051         104    0.0097      0.953945
38172         11024.12  104.9958         105    0.0080      0.936026
38173         11024.41  104.9972         105    0.0053      0.936002
38174         11024.70  104.9986         105    0.0027      0.935977
38175         11024.99  104.9999         105    0.0001      0.935953
38176         11025.28  105.0013         105    0.0025      0.935928
38177         11025.57  105.0027         105    0.0051      0.935904
38178         11025.85  105.0041         105    0.0078      0.935879
38902         11234.95  105.9950         106    0.0094      0.918462
38903         11235.24  105.9964         106    0.0068      0.918438
38904         11235.52  105.9978         106    0.0042      0.918415
38905         11235.81  105.9991         106    0.0017      0.918391
38906         11236.10  106.0005         106    0.0009      0.918367
38907         11236.39  106.0018         106    0.0035      0.918344
38908         11236.68  106.0032         106    0.0061      0.918320
38909         11236.97  106.0046         106    0.0086      0.918297
39640         11448.08  106.9957         107    0.0080      0.901362
39641         11448.37  106.9971         107    0.0055      0.901340
39642         11448.66  106.9984         107    0.0030      0.901317
39643         11448.95  106.9998         107    0.0004      0.901294
39644         11449.24  107.0011         107    0.0021      0.901271
39645         11449.53  107.0025         107    0.0046      0.901249
39646         11449.82  107.0038         107    0.0071      0.901226
39647         11450.10  107.0052         107    0.0096      0.901203
40384         11662.95  107.9951         108    0.0090      0.884756
40385         11663.24  107.9965         108    0.0065      0.884734
40386         11663.53  107.9978         108    0.0040      0.884713
40387         11663.82  107.9992         108    0.0016      0.884691
40388         11664.11  108.0005         108    0.0009      0.884669
40389         11664.39  108.0018         108    0.0034      0.884647
40390         11664.68  108.0032         108    0.0059      0.884625
40391         11664.97  108.0045         108    0.0083      0.884603
41135         11879.84  108.9947         109    0.0098      0.868603
41136         11880.13  108.9960         109    0.0073      0.868582
41137         11880.42  108.9973         109    0.0049      0.868561
41138         11880.71  108.9987         109    0.0025      0.868540
41139         11881.00  109.0000         109    0.0000      0.868519
41140         11881.28  109.0013         109    0.0024      0.868498
41141         11881.57  109.0026         109    0.0048      0.868477
41142         11881.86  109.0040         109    0.0073      0.868456
41143         11882.15  109.0053         109    0.0097      0.868434
41894         12099.04  109.9956         110    0.0079      0.852867
41895         12099.33  109.9970         110    0.0055      0.852846
41896         12099.62  109.9983         110    0.0032      0.852826
41897         12099.91  109.9996         110    0.0008      0.852806
41898         12100.20  110.0009         110    0.0016      0.852785
41899         12100.48  110.0022         110    0.0040      0.852765
41900         12100.77  110.0035         110    0.0064      0.852745
41901         12101.06  110.0048         110    0.0088      0.852724
42659         12319.97  110.9954         111    0.0083      0.837572
42660         12320.26  110.9967         111    0.0060      0.837553
42661         12320.55  110.9980         111    0.0036      0.837533
42662         12320.84  110.9993         111    0.0013      0.837513
42663         12321.13  111.0006         111    0.0010      0.837494
42664         12321.42  111.0019         111    0.0034      0.837474
42665         12321.71  111.0032         111    0.0057      0.837455
42666         12321.99  111.0045         111    0.0081      0.837435
43431         12542.93  111.9952         112    0.0085      0.822684
43432         12543.22  111.9965         112    0.0062      0.822665
43433         12543.51  111.9978         112    0.0039      0.822646
43434         12543.79  111.9991         112    0.0016      0.822627
43435         12544.08  112.0004         112    0.0007      0.822608
43436         12544.37  112.0017         112    0.0030      0.822590
43437         12544.66  112.0029         112    0.0053      0.822571
43438         12544.95  112.0042         112    0.0076      0.822552
43439         12545.24  112.0055         112    0.0099      0.822533
44210         12767.90  112.9952         113    0.0086      0.808188
44211         12768.19  112.9964         113    0.0063      0.808170
44212         12768.48  112.9977         113    0.0041      0.808152
44213         12768.77  112.9990         113    0.0018      0.808133
44214         12769.06  113.0003         113    0.0005      0.808115
44215         12769.35  113.0015         113    0.0027      0.808097
44216         12769.64  113.0028         113    0.0050      0.808079
44217         12769.93  113.0041         113    0.0072      0.808060
44218         12770.21  113.0054         113    0.0095      0.808042
44996         12994.90  113.9952         114    0.0084      0.794071
44997         12995.19  113.9965         114    0.0062      0.794053
44998         12995.48  113.9977         114    0.0040      0.794035
44999         12995.77  113.9990         114    0.0018      0.794018
45000         12996.06  114.0003         114    0.0004      0.794000
45001         12996.35  114.0015         114    0.0027      0.793982
45002         12996.63  114.0028         114    0.0049      0.793965
45003         12996.92  114.0041         114    0.0071      0.793947
45004         12997.21  114.0053         114    0.0093      0.793929
45789         13223.92  114.9953         115    0.0082      0.780318
45790         13224.21  114.9966         115    0.0060      0.780301
45791         13224.50  114.9978         115    0.0038      0.780284
45792         13224.79  114.9991         115    0.0016      0.780267
45793         13225.08  115.0003         115    0.0006      0.780250
45794         13225.37  115.0016         115    0.0028      0.780233
45795         13225.65  115.0028         115    0.0049      0.780216
45796         13225.94  115.0041         115    0.0071      0.780199
45797         13226.23  115.0054         115    0.0093      0.780182
46588         13454.67  115.9943         116    0.0099      0.766936
46589         13454.96  115.9955         116    0.0077      0.766919
46590         13455.25  115.9968         116    0.0056      0.766903
46591         13455.54  115.9980         116    0.0034      0.766886
46592         13455.83  115.9993         116    0.0013      0.766870
46593         13456.12  116.0005         116    0.0009      0.766853
46594         13456.41  116.0018         116    0.0030      0.766837
46595         13456.70  116.0030         116    0.0052      0.766820
46596         13456.98  116.0042         116    0.0073      0.766804
46597         13457.27  116.0055         116    0.0095      0.766788
47395         13687.74  116.9946         117    0.0092      0.753877
47396         13688.02  116.9958         117    0.0071      0.753861
47397         13688.31  116.9971         117    0.0050      0.753845
47398         13688.60  116.9983         117    0.0029      0.753829
47399         13688.89  116.9995         117    0.0008      0.753813
47400         13689.18  117.0008         117    0.0013      0.753797
47401         13689.47  117.0020         117    0.0034      0.753782
47402         13689.76  117.0032         117    0.0055      0.753766
47403         13690.05  117.0045         117    0.0076      0.753750
47404         13690.34  117.0057         117    0.0098      0.753734
48209         13922.82  117.9950         118    0.0085      0.741148
48210         13923.11  117.9962         118    0.0064      0.741133
48211         13923.40  117.9974         118    0.0043      0.741117
48212         13923.69  117.9987         118    0.0022      0.741102
48213         13923.98  117.9999         118    0.0002      0.741086
48214         13924.26  118.0011         118    0.0019      0.741071
48215         13924.55  118.0023         118    0.0040      0.741056
48216         13924.84  118.0036         118    0.0060      0.741040
48217         13925.13  118.0048         118    0.0081      0.741025
49029         14159.64  118.9943         119    0.0096      0.728752
49030         14159.93  118.9955         119    0.0076      0.728738
49031         14160.22  118.9967         119    0.0055      0.728723
49032         14160.50  118.9979         119    0.0035      0.728708
49033         14160.79  118.9991         119    0.0015      0.728693
49034         14161.08  119.0003         119    0.0006      0.728678
49035         14161.37  119.0016         119    0.0026      0.728663
49036         14161.66  119.0028         119    0.0047      0.728648
49037         14161.95  119.0040         119    0.0067      0.728633
49038         14162.24  119.0052         119    0.0087      0.728619
49857         14398.76  119.9949         120    0.0086      0.716650
49858         14399.05  119.9961         120    0.0066      0.716635
49859         14399.34  119.9973         120    0.0046      0.716621
49860         14399.63  119.9985         120    0.0026      0.716606
49861         14399.92  119.9997         120    0.0006      0.716592
49862         14400.21  120.0009         120    0.0015      0.716578
49863         14400.50  120.0021         120    0.0035      0.716563
49864         14400.79  120.0033         120    0.0055      0.716549
49865         14401.08  120.0045         120    0.0075      0.716535
49866         14401.36  120.0057         120    0.0095      0.716520
50691         14639.63  120.9943         121    0.0094      0.704859
50692         14639.91  120.9955         121    0.0074      0.704845
50693         14640.20  120.9967         121    0.0054      0.704831
50694         14640.49  120.9979         121    0.0035      0.704817
50695         14640.78  120.9991         121    0.0015      0.704803
50696         14641.07  121.0003         121    0.0005      0.704789
50697         14641.36  121.0015         121    0.0024      0.704775
50698         14641.65  121.0027         121    0.0044      0.704762
50699         14641.94  121.0039         121    0.0064      0.704748
50700         14642.22  121.0051         121    0.0084      0.704734
51533         14882.80  121.9951         122    0.0081      0.693342
51534         14883.08  121.9962         122    0.0062      0.693329
51535         14883.37  121.9974         122    0.0042      0.693315
51536         14883.66  121.9986         122    0.0023      0.693302
51537         14883.95  121.9998         122    0.0003      0.693288
51538         14884.24  122.0010         122    0.0016      0.693275
51539         14884.53  122.0022         122    0.0036      0.693261
51540         14884.82  122.0034         122    0.0055      0.693248
51541         14885.11  122.0045         122    0.0074      0.693235
51542         14885.40  122.0057         122    0.0094      0.693221
52381         15127.70  122.9947         123    0.0086      0.682118
52382         15127.99  122.9959         123    0.0067      0.682105
52383         15128.28  122.9971         123    0.0048      0.682092
52384         15128.57  122.9982         123    0.0029      0.682078
52385         15128.85  122.9994         123    0.0010      0.682065
52386         15129.14  123.0006         123    0.0009      0.682052
52387         15129.43  123.0018         123    0.0029      0.682039
52388         15129.72  123.0029         123    0.0048      0.682026
52389         15130.01  123.0041         123    0.0067      0.682013
52390         15130.30  123.0053         123    0.0086      0.682000
53236         15374.62  123.9945         124    0.0089      0.671162
53237         15374.91  123.9956         124    0.0071      0.671150
53238         15375.20  123.9968         124    0.0052      0.671137
53239         15375.49  123.9979         124    0.0033      0.671125
53240         15375.78  123.9991         124    0.0014      0.671112
53241         15376.07  124.0003         124    0.0004      0.671099
53242         15376.36  124.0014         124    0.0023      0.671087
53243         15376.65  124.0026         124    0.0042      0.671074
53244         15376.93  124.0038         124    0.0061      0.671062
53245         15377.22  124.0049         124    0.0080      0.671049
53246         15377.51  124.0061         124    0.0098      0.671036
54098         15623.57  124.9943         125    0.0091      0.660468
54099         15623.86  124.9954         125    0.0073      0.660456
54100         15624.15  124.9966         125    0.0054      0.660444
54101         15624.44  124.9977         125    0.0036      0.660431
54102         15624.73  124.9989         125    0.0018      0.660419
54103         15625.02  125.0001         125    0.0001      0.660407
54104         15625.30  125.0012         125    0.0019      0.660395
54105         15625.59  125.0024         125    0.0038      0.660383
54106         15625.88  125.0035         125    0.0056      0.660370
54107         15626.17  125.0047         125    0.0075      0.660358
54108         15626.46  125.0058         125    0.0093      0.660346
54967         15874.54  125.9942         126    0.0092      0.650026
54968         15874.83  125.9953         126    0.0074      0.650015
54969         15875.12  125.9965         126    0.0056      0.650003
54970         15875.41  125.9976         126    0.0037      0.649991
54971         15875.69  125.9988         126    0.0019      0.649979
54972         15875.98  125.9999         126    0.0001      0.649967
54973         15876.27  126.0011         126    0.0017      0.649955
54974         15876.56  126.0022         126    0.0035      0.649944
54975         15876.85  126.0034         126    0.0054      0.649932
54976         15877.14  126.0045         126    0.0072      0.649920
54977         15877.43  126.0057         126    0.0090      0.649908
55843         16127.53  126.9942         127    0.0091      0.639830
55844         16127.82  126.9953         127    0.0073      0.639818
55845         16128.11  126.9965         127    0.0055      0.639807
55846         16128.40  126.9976         127    0.0037      0.639795
55847         16128.68  126.9988         127    0.0020      0.639784
55848         16128.97  126.9999         127    0.0002      0.639772
55849         16129.26  127.0010         127    0.0016      0.639761
55850         16129.55  127.0022         127    0.0034      0.639749
55851         16129.84  127.0033         127    0.0052      0.639738
55852         16130.13  127.0044         127    0.0070      0.639726
55853         16130.42  127.0056         127    0.0088      0.639715
56726         16382.54  127.9943         128    0.0089      0.629870
56727         16382.83  127.9954         128    0.0071      0.629859
56728         16383.12  127.9966         128    0.0054      0.629848
56729         16383.41  127.9977         128    0.0036      0.629837
56730         16383.70  127.9988         128    0.0019      0.629825
56731         16383.98  127.9999         128    0.0001      0.629814
56732         16384.27  128.0011         128    0.0017      0.629803
56733         16384.56  128.0022         128    0.0034      0.629792
56734         16384.85  128.0033         128    0.0052      0.629781
56735         16385.14  128.0045         128    0.0070      0.629770
56736         16385.43  128.0056         128    0.0087      0.629759
57616         16639.57  128.9945         129    0.0086      0.620140
57617         16639.86  128.9956         129    0.0068      0.620129
57618         16640.15  128.9967         129    0.0051      0.620119
57619         16640.44  128.9978         129    0.0034      0.620108
57620         16640.73  128.9990         129    0.0016      0.620097
57621         16641.02  129.0001         129    0.0001      0.620086
57622         16641.31  129.0012         129    0.0018      0.620076
57623         16641.60  129.0023         129    0.0036      0.620065
57624         16641.88  129.0034         129    0.0053      0.620054
57625         16642.17  129.0045         129    0.0070      0.620043
57626         16642.46  129.0057         129    0.0088      0.620033
58512         16898.34  129.9936         130    0.0098      0.610644
58513         16898.63  129.9947         130    0.0081      0.610634
58514         16898.92  129.9958         130    0.0064      0.610623
58515         16899.21  129.9969         130    0.0047      0.610613
58516         16899.50  129.9981         130    0.0030      0.610602
58517         16899.78  129.9992         130    0.0013      0.610592
58518         16900.07  130.0003         130    0.0004      0.610581
58519         16900.36  130.0014         130    0.0021      0.610571
58520         16900.65  130.0025         130    0.0038      0.610560
58521         16900.94  130.0036         130    0.0056      0.610550
58522         16901.23  130.0047         130    0.0073      0.610540
58523         16901.52  130.0058         130    0.0090      0.610529
59416         17159.42  130.9940         131    0.0092      0.601353
59417         17159.71  130.9951         131    0.0075      0.601343
59418         17159.99  130.9962         131    0.0059      0.601333
59419         17160.28  130.9973         131    0.0042      0.601323
59420         17160.57  130.9984         131    0.0025      0.601313
59421         17160.86  130.9995         131    0.0008      0.601303
59422         17161.15  131.0006         131    0.0009      0.601292
59423         17161.44  131.0017         131    0.0026      0.601282
59424         17161.73  131.0028         131    0.0042      0.601272
59425         17162.02  131.0039         131    0.0059      0.601262
59426         17162.30  131.0050         131    0.0076      0.601252
59427         17162.59  131.0061         131    0.0093      0.601242
60327         17422.51  131.9944         132    0.0085      0.592272
60328         17422.80  131.9955         132    0.0069      0.592262
60329         17423.09  131.9966         132    0.0052      0.592252
60330         17423.38  131.9977         132    0.0036      0.592243
60331         17423.67  131.9987         132    0.0019      0.592233
60332         17423.96  131.9998         132    0.0002      0.592223
60333         17424.25  132.0009         132    0.0014      0.592213
60334         17424.54  132.0020         132    0.0031      0.592203
60335         17424.82  132.0031         132    0.0047      0.592194
60336         17425.11  132.0042         132    0.0064      0.592184
60337         17425.40  132.0053         132    0.0080      0.592174
60338         17425.69  132.0064         132    0.0097      0.592164
61244         17687.34  132.9938         133    0.0094      0.583404
61245         17687.63  132.9949         133    0.0077      0.583395
61246         17687.92  132.9959         133    0.0061      0.583385
61247         17688.21  132.9970         133    0.0045      0.583376
61248         17688.50  132.9981         133    0.0028      0.583366
61249         17688.79  132.9992         133    0.0012      0.583356
61250         17689.08  133.0003         133    0.0004      0.583347
61251         17689.37  133.0014         133    0.0021      0.583337
61252         17689.66  133.0025         133    0.0037      0.583328
61253         17689.94  133.0035         133    0.0053      0.583318
61254         17690.23  133.0046         133    0.0070      0.583309
61255         17690.52  133.0057         133    0.0086      0.583299
62169         17954.49  133.9944         134    0.0084      0.574724
62170         17954.77  133.9954         134    0.0068      0.574714
62171         17955.06  133.9965         134    0.0052      0.574705
62172         17955.35  133.9976         134    0.0036      0.574696
62173         17955.64  133.9987         134    0.0020      0.574687
62174         17955.93  133.9997         134    0.0004      0.574678
62175         17956.22  134.0008         134    0.0012      0.574668
62176         17956.51  134.0019         134    0.0028      0.574659
62177         17956.80  134.0030         134    0.0044      0.574650
62178         17957.09  134.0040         134    0.0060      0.574641
62179         17957.37  134.0051         134    0.0077      0.574631
62180         17957.66  134.0062         134    0.0093      0.574622
63100         18223.36  134.9939         135    0.0090      0.566244
63101         18223.65  134.9950         135    0.0074      0.566235
63102         18223.94  134.9961         135    0.0058      0.566226
63103         18224.23  134.9971         135    0.0042      0.566217
63104         18224.52  134.9982         135    0.0027      0.566208
63105         18224.80  134.9993         135    0.0011      0.566199
63106         18225.09  135.0003         135    0.0005      0.566190
63107         18225.38  135.0014         135    0.0021      0.566181
63108         18225.67  135.0025         135    0.0037      0.566172
63109         18225.96  135.0036         135    0.0053      0.566163
63110         18226.25  135.0046         135    0.0068      0.566154
63111         18226.54  135.0057         135    0.0084      0.566145
64038         18494.26  135.9936         136    0.0094      0.557950
64039         18494.54  135.9946         136    0.0079      0.557941
64040         18494.83  135.9957         136    0.0063      0.557933
64041         18495.12  135.9968         136    0.0047      0.557924
64042         18495.41  135.9978         136    0.0032      0.557915
64043         18495.70  135.9989         136    0.0016      0.557906
64044         18495.99  136.0000         136    0.0001      0.557898
64045         18496.28  136.0010         136    0.0015      0.557889
64046         18496.57  136.0021         136    0.0031      0.557880
64047         18496.85  136.0031         136    0.0046      0.557872
64048         18497.14  136.0042         136    0.0062      0.557863
64049         18497.43  136.0053         136    0.0077      0.557854
64050         18497.72  136.0063         136    0.0093      0.557845
64983         18767.17  136.9933         137    0.0097      0.549836
64984         18767.46  136.9944         137    0.0082      0.549828
64985         18767.75  136.9954         137    0.0067      0.549819
64986         18768.04  136.9965         137    0.0051      0.549811
64987         18768.33  136.9975         137    0.0036      0.549802
64988         18768.62  136.9986         137    0.0020      0.549794
64989         18768.91  136.9997         137    0.0005      0.549785
64990         18769.19  137.0007         137    0.0010      0.549777
64991         18769.48  137.0018         137    0.0026      0.549768
64992         18769.77  137.0028         137    0.0041      0.549760
64993         18770.06  137.0039         137    0.0057      0.549752
64994         18770.35  137.0049         137    0.0072      0.549743
64995         18770.64  137.0060         137    0.0087      0.549735
65935         19042.11  137.9932         138    0.0099      0.541897
65936         19042.40  137.9942         138    0.0084      0.541889
65937         19042.69  137.9953         138    0.0069      0.541881
65938         19042.98  137.9963         138    0.0054      0.541873
65939         19043.27  137.9973         138    0.0038      0.541864
65940         19043.56  137.9984         138    0.0023      0.541856
65941         19043.84  137.9994         138    0.0008      0.541848
65942         19044.13  138.0005         138    0.0007      0.541840
65943         19044.42  138.0015         138    0.0022      0.541832
65944         19044.71  138.0026         138    0.0037      0.541823
65945         19045.00  138.0036         138    0.0052      0.541815
65946         19045.29  138.0047         138    0.0068      0.541807
65947         19045.58  138.0057         138    0.0083      0.541799
65948         19045.87  138.0068         138    0.0098      0.541791
66894         19319.07  138.9931         139    0.0100      0.534129
66895         19319.36  138.9941         139    0.0085      0.534121
66896         19319.65  138.9951         139    0.0070      0.534113
66897         19319.94  138.9962         139    0.0055      0.534105
66898         19320.23  138.9972         139    0.0040      0.534097
66899         19320.52  138.9983         139    0.0025      0.534089
66900         19320.80  138.9993         139    0.0010      0.534081
66901         19321.09  139.0003         139    0.0005      0.534073
66902         19321.38  139.0014         139    0.0020      0.534065
66903         19321.67  139.0024         139    0.0035      0.534057
66904         19321.96  139.0035         139    0.0050      0.534049
66905         19322.25  139.0045         139    0.0065      0.534041
66906         19322.54  139.0055         139    0.0080      0.534033
66907         19322.83  139.0066         139    0.0095      0.534025
67860         19598.05  139.9931         140    0.0099      0.526525
67861         19598.34  139.9941         140    0.0085      0.526517
67862         19598.63  139.9951         140    0.0070      0.526510
67863         19598.92  139.9961         140    0.0055      0.526502
67864         19599.21  139.9972         140    0.0040      0.526494
67865         19599.50  139.9982         140    0.0026      0.526486
67866         19599.79  139.9992         140    0.0011      0.526479
67867         19600.08  140.0003         140    0.0004      0.526471
67868         19600.36  140.0013         140    0.0019      0.526463
67869         19600.65  140.0023         140    0.0033      0.526455
67870         19600.94  140.0034         140    0.0048      0.526448
67871         19601.23  140.0044         140    0.0063      0.526440
67872         19601.52  140.0054         140    0.0078      0.526432
67873         19601.81  140.0065         140    0.0092      0.526424
68833         19879.06  140.9931         141    0.0098      0.519082
68834         19879.35  140.9941         141    0.0083      0.519075
68835         19879.64  140.9952         141    0.0069      0.519067
68836         19879.92  140.9962         141    0.0054      0.519060
68837         19880.21  140.9972         141    0.0040      0.519052
68838         19880.50  140.9982         141    0.0025      0.519045
68839         19880.79  140.9993         141    0.0011      0.519037
68840         19881.08  141.0003         141    0.0004      0.519030
68841         19881.37  141.0013         141    0.0019      0.519022
68842         19881.66  141.0023         141    0.0033      0.519015
68843         19881.95  141.0034         141    0.0048      0.519007
68844         19882.23  141.0044         141    0.0062      0.518999
68845         19882.52  141.0054         141    0.0077      0.518992
68846         19882.81  141.0064         141    0.0091      0.518984
69813         20162.08  141.9932         142    0.0095      0.511796
69814         20162.37  141.9943         142    0.0081      0.511788
69815         20162.66  141.9953         142    0.0066      0.511781
69816         20162.95  141.9963         142    0.0052      0.511774
69817         20163.24  141.9973         142    0.0038      0.511766
69818         20163.53  141.9983         142    0.0023      0.511759
69819         20163.82  141.9994         142    0.0009      0.511752
69820         20164.10  142.0004         142    0.0005      0.511744
69821         20164.39  142.0014         142    0.0020      0.511737
69822         20164.68  142.0024         142    0.0034      0.511730
69823         20164.97  142.0034         142    0.0048      0.511722
69824         20165.26  142.0044         142    0.0062      0.511715
69825         20165.55  142.0055         142    0.0077      0.511708
69826         20165.84  142.0065         142    0.0091      0.511701
70800         20447.13  142.9935         143    0.0091      0.504661
70801         20447.42  142.9945         143    0.0077      0.504654
70802         20447.71  142.9955         143    0.0063      0.504647
70803         20448.00  142.9965         143    0.0049      0.504640
70804         20448.29  142.9975         143    0.0035      0.504633
70805         20448.57  142.9985         143    0.0021      0.504625
70806         20448.86  142.9995         143    0.0007      0.504618
70807         20449.15  143.0005         143    0.0007      0.504611
70808         20449.44  143.0015         143    0.0022      0.504604
70809         20449.73  143.0025         143    0.0036      0.504597
70810         20450.02  143.0036         143    0.0050      0.504590
70811         20450.31  143.0046         143    0.0064      0.504583
70812         20450.60  143.0056         143    0.0078      0.504575
70813         20450.88  143.0066         143    0.0092      0.504568
71794         20734.20  143.9937         144    0.0087      0.497674
71795         20734.49  143.9947         144    0.0073      0.497667
71796         20734.78  143.9957         144    0.0059      0.497660
71797         20735.06  143.9968         144    0.0045      0.497653
71798         20735.35  143.9978         144    0.0031      0.497646
71799         20735.64  143.9988         144    0.0017      0.497639
71800         20735.93  143.9998         144    0.0003      0.497632
71801         20736.22  144.0008         144    0.0011      0.497625
71802         20736.51  144.0018         144    0.0025      0.497618
71803         20736.80  144.0028         144    0.0038      0.497612
71804         20737.09  144.0038         144    0.0052      0.497605
71805         20737.38  144.0048         144    0.0066      0.497598
71806         20737.66  144.0058         144    0.0080      0.497591
71807         20737.95  144.0068         144    0.0094      0.497584
72794         21023.00  144.9931         145    0.0095      0.490837
72795         21023.29  144.9941         145    0.0081      0.490830
72796         21023.58  144.9951         145    0.0068      0.490824
72797         21023.87  144.9961         145    0.0054      0.490817
72798         21024.15  144.9971         145    0.0040      0.490810
72799         21024.44  144.9981         145    0.0026      0.490803
72800         21024.73  144.9991         145    0.0013      0.490797
72801         21025.02  145.0001         145    0.0001      0.490790
72802         21025.31  145.0011         145    0.0015      0.490783
72803         21025.60  145.0021         145    0.0028      0.490776
72804         21025.89  145.0031         145    0.0042      0.490770
72805         21026.18  145.0041         145    0.0056      0.490763
72806         21026.47  145.0051         145    0.0070      0.490756
72807         21026.75  145.0060         145    0.0083      0.490750
72808         21027.04  145.0070         145    0.0097      0.490743
73802         21314.11  145.9935         146    0.0089      0.484133
73803         21314.40  145.9945         146    0.0075      0.484127
73804         21314.69  145.9955         146    0.0062      0.484120
73805         21314.98  145.9965         146    0.0048      0.484114
73806         21315.27  145.9975         146    0.0034      0.484107
73807         21315.56  145.9985         146    0.0021      0.484100
73808         21315.84  145.9995         146    0.0007      0.484094
73809         21316.13  146.0005         146    0.0006      0.484087
73810         21316.42  146.0014         146    0.0020      0.484081
73811         21316.71  146.0024         146    0.0033      0.484074
73812         21317.00  146.0034         146    0.0047      0.484068
73813         21317.29  146.0044         146    0.0060      0.484061
73814         21317.58  146.0054         146    0.0074      0.484055
73815         21317.87  146.0064         146    0.0088      0.484048
74816         21606.96  146.9930         147    0.0095      0.477572
74817         21607.24  146.9940         147    0.0081      0.477565
74818         21607.53  146.9950         147    0.0068      0.477559
74819         21607.82  146.9960         147    0.0055      0.477552
74820         21608.11  146.9970         147    0.0041      0.477546
74821         21608.40  146.9980         147    0.0028      0.477540
74822         21608.69  146.9989         147    0.0014      0.477533
74823         21608.98  146.9999         147    0.0001      0.477527
74824         21609.27  147.0009         147    0.0012      0.477521
74825         21609.55  147.0019         147    0.0026      0.477514
74826         21609.84  147.0029         147    0.0039      0.477508
74827         21610.13  147.0039         147    0.0052      0.477501
74828         21610.42  147.0048         147    0.0066      0.477495
74829         21610.71  147.0058         147    0.0079      0.477489
74830         21611.00  147.0068         147    0.0093      0.477482
75837         21901.82  147.9926         148    0.0099      0.471142
75838         21902.11  147.9936         148    0.0086      0.471136
75839         21902.40  147.9946         148    0.0073      0.471130
75840         21902.69  147.9956         148    0.0060      0.471123
75841         21902.98  147.9965         148    0.0047      0.471117
75842         21903.27  147.9975         148    0.0034      0.471111
75843         21903.55  147.9985         148    0.0020      0.471105
75844         21903.84  147.9995         148    0.0007      0.471099
75845         21904.13  148.0004         148    0.0006      0.471092
75846         21904.42  148.0014         148    0.0019      0.471086
75847         21904.71  148.0024         148    0.0032      0.471080
75848         21905.00  148.0034         148    0.0046      0.471074
75849         21905.29  148.0043         148    0.0059      0.471068
75850         21905.58  148.0053         148    0.0072      0.471061
75851         21905.87  148.0063         148    0.0085      0.471055
75852         21906.15  148.0073         148    0.0098      0.471049
76866         22199.00  148.9933         149    0.0090      0.464835
76867         22199.29  148.9943         149    0.0077      0.464829
76868         22199.58  148.9952         149    0.0064      0.464823
76869         22199.86  148.9962         149    0.0051      0.464817
76870         22200.15  148.9972         149    0.0038      0.464811
76871         22200.44  148.9981         149    0.0025      0.464805
76872         22200.73  148.9991         149    0.0012      0.464799
76873         22201.02  149.0001         149    0.0001      0.464793
76874         22201.31  149.0010         149    0.0014      0.464787
76875         22201.60  149.0020         149    0.0027      0.464780
76876         22201.89  149.0030         149    0.0040      0.464774
76877         22202.18  149.0039         149    0.0053      0.464768
76878         22202.46  149.0049         149    0.0066      0.464762
76879         22202.75  149.0059         149    0.0079      0.464756
76880         22203.04  149.0069         149    0.0092      0.464750
77901         22497.91  149.9930         150    0.0093      0.458659
77902         22498.20  149.9940         150    0.0080      0.458653
77903         22498.49  149.9950         150    0.0067      0.458647
77904         22498.77  149.9959         150    0.0054      0.458641
77905         22499.06  149.9969         150    0.0042      0.458636
77906         22499.35  149.9978         150    0.0029      0.458630
77907         22499.64  149.9988         150    0.0016      0.458624
77908         22499.93  149.9998         150    0.0003      0.458618
77909         22500.22  150.0007         150    0.0010      0.458612
77910         22500.51  150.0017         150    0.0023      0.458606
77911         22500.80  150.0027         150    0.0035      0.458600
77912         22501.08  150.0036         150    0.0048      0.458594
77913         22501.37  150.0046         150    0.0061      0.458588
77914         22501.66  150.0055         150    0.0074      0.458583
77915         22501.95  150.0065         150    0.0087      0.458577
77916         22502.24  150.0075         150    0.0100      0.458571
78943         22798.84  150.9928         151    0.0095      0.452605
78944         22799.13  150.9938         151    0.0082      0.452599
78945         22799.42  150.9948         151    0.0069      0.452594
78946         22799.71  150.9957         151    0.0057      0.452588
78947         22799.99  150.9967         151    0.0044      0.452582
78948         22800.28  150.9976         151    0.0031      0.452576
78949         22800.57  150.9986         151    0.0019      0.452571
78950         22800.86  150.9995         151    0.0006      0.452565
78951         22801.15  151.0005         151    0.0007      0.452559
78952         22801.44  151.0014         151    0.0019      0.452553
78953         22801.73  151.0024         151    0.0032      0.452548
78954         22802.02  151.0034         151    0.0045      0.452542
78955         22802.30  151.0043         151    0.0057      0.452536
78956         22802.59  151.0053         151    0.0070      0.452531
78957         22802.88  151.0062         151    0.0083      0.452525
78958         22803.17  151.0072         151    0.0095      0.452519
79992         23101.79  151.9927         152    0.0096      0.446670
79993         23102.08  151.9937         152    0.0083      0.446664
79994         23102.37  151.9946         152    0.0071      0.446658
79995         23102.66  151.9956         152    0.0058      0.446653
79996         23102.95  151.9965         152    0.0046      0.446647
79997         23103.24  151.9975         152    0.0033      0.446642
79998         23103.52  151.9984         152    0.0021      0.446636
79999         23103.81  151.9994         152    0.0008      0.446631
80000         23104.10  152.0003         152    0.0004      0.446625
80001         23104.39  152.0013         152    0.0017      0.446619
80002         23104.68  152.0022         152    0.0029      0.446614
80003         23104.97  152.0032         152    0.0042      0.446608
80004         23105.26  152.0041         152    0.0054      0.446603
80005         23105.55  152.0051         152    0.0067      0.446597
80006         23105.83  152.0060         152    0.0079      0.446592
80007         23106.12  152.0070         152    0.0092      0.446586
81048         23406.77  152.9927         153    0.0095      0.440850
81049         23407.05  152.9936         153    0.0083      0.440844
81050         23407.34  152.9946         153    0.0071      0.440839
81051         23407.63  152.9955         153    0.0058      0.440834
81052         23407.92  152.9965         153    0.0046      0.440828
81053         23408.21  152.9974         153    0.0034      0.440823
81054         23408.50  152.9984         153    0.0021      0.440817
81055         23408.79  152.9993         153    0.0009      0.440812
81056         23409.08  153.0002         153    0.0003      0.440806
81057         23409.36  153.0012         153    0.0016      0.440801
81058         23409.65  153.0021         153    0.0028      0.440795
81059         23409.94  153.0031         153    0.0040      0.440790
81060         23410.23  153.0040         153    0.0053      0.440785
81061         23410.52  153.0050         153    0.0065      0.440779
81062         23410.81  153.0059         153    0.0077      0.440774
81063         23411.10  153.0069         153    0.0090      0.440768
82111         23713.76  153.9927         154    0.0094      0.435143
82112         23714.05  153.9937         154    0.0082      0.435137
82113         23714.34  153.9946         154    0.0070      0.435132
82114         23714.63  153.9955         154    0.0058      0.435127
82115         23714.92  153.9965         154    0.0046      0.435121
82116         23715.21  153.9974         154    0.0034      0.435116
82117         23715.49  153.9984         154    0.0021      0.435111
82118         23715.78  153.9993         154    0.0009      0.435106
82119         23716.07  154.0002         154    0.0003      0.435100
82120         23716.36  154.0012         154    0.0015      0.435095
82121         23716.65  154.0021         154    0.0027      0.435090
82122         23716.94  154.0030         154    0.0040      0.435084
82123         23717.23  154.0040         154    0.0052      0.435079
82124         23717.52  154.0049         154    0.0064      0.435074
82125         23717.80  154.0059         154    0.0076      0.435068
82126         23718.09  154.0068         154    0.0088      0.435063
83181         24022.78  154.9928         155    0.0092      0.429545
83182         24023.07  154.9938         155    0.0080      0.429540
83183         24023.36  154.9947         155    0.0068      0.429535
83184         24023.64  154.9956         155    0.0056      0.429530
83185         24023.93  154.9966         155    0.0044      0.429525
83186         24024.22  154.9975         155    0.0032      0.429519
83187         24024.51  154.9984         155    0.0020      0.429514
83188         24024.80  154.9994         155    0.0008      0.429509
83189         24025.09  155.0003         155    0.0004      0.429504
83190         24025.38  155.0012         155    0.0016      0.429499
83191         24025.67  155.0021         155    0.0028      0.429494
83192         24025.96  155.0031         155    0.0040      0.429488
83193         24026.24  155.0040         155    0.0052      0.429483
83194         24026.53  155.0049         155    0.0064      0.429478
83195         24026.82  155.0059         155    0.0076      0.429473
83196         24027.11  155.0068         155    0.0088      0.429468
83197         24027.40  155.0077         155    0.0100      0.429463
84258         24333.82  155.9930         156    0.0090      0.424055
84259         24334.11  155.9939         156    0.0078      0.424050
84260         24334.39  155.9949         156    0.0066      0.424045
84261         24334.68  155.9958         156    0.0054      0.424040
84262         24334.97  155.9967         156    0.0042      0.424035
84263         24335.26  155.9976         156    0.0030      0.424030
84264         24335.55  155.9986         156    0.0018      0.424024
84265         24335.84  155.9995         156    0.0007      0.424019
84266         24336.13  156.0004         156    0.0005      0.424014
84267         24336.42  156.0013         156    0.0017      0.424009
84268         24336.71  156.0023         156    0.0029      0.424004
84269         24336.99  156.0032         156    0.0041      0.423999
84270         24337.28  156.0041         156    0.0053      0.423994
84271         24337.57  156.0050         156    0.0065      0.423989
84272         24337.86  156.0060         156    0.0076      0.423984
84273         24338.15  156.0069         156    0.0088      0.423979
85341         24646.59  156.9923         157    0.0098      0.418673
85342         24646.88  156.9932         157    0.0086      0.418668
85343         24647.17  156.9942         157    0.0074      0.418664
85344         24647.46  156.9951         157    0.0063      0.418659
85345         24647.74  156.9960         157    0.0051      0.418654
85346         24648.03  156.9969         157    0.0039      0.418649
85347         24648.32  156.9978         157    0.0028      0.418644
85348         24648.61  156.9988         157    0.0016      0.418639
85349         24648.90  156.9997         157    0.0004      0.418634
85350         24649.19  157.0006         157    0.0008      0.418629
85351         24649.48  157.0015         157    0.0019      0.418624
85352         24649.77  157.0024         157    0.0031      0.418619
85353         24650.05  157.0034         157    0.0043      0.418614
85354         24650.34  157.0043         157    0.0055      0.418610
85355         24650.63  157.0052         157    0.0066      0.418605
85356         24650.92  157.0061         157    0.0078      0.418600
85357         24651.21  157.0070         157    0.0090      0.418595
86432         24961.67  157.9926         158    0.0093      0.413389
86433         24961.96  157.9935         158    0.0082      0.413384
86434         24962.25  157.9945         158    0.0070      0.413379
86435         24962.54  157.9954         158    0.0059      0.413374
86436         24962.83  157.9963         158    0.0047      0.413369
86437         24963.12  157.9972         158    0.0035      0.413365
86438         24963.40  157.9981         158    0.0024      0.413360
86439         24963.69  157.9990         158    0.0012      0.413355
86440         24963.98  157.9999         158    0.0001      0.413350
86441         24964.27  158.0009         158    0.0011      0.413346
86442         24964.56  158.0018         158    0.0022      0.413341
86443         24964.85  158.0027         158    0.0034      0.413336
86444         24965.14  158.0036         158    0.0046      0.413331
86445         24965.43  158.0045         158    0.0057      0.413326
86446         24965.71  158.0054         158    0.0069      0.413322
86447         24966.00  158.0063         158    0.0080      0.413317
86448         24966.29  158.0073         158    0.0092      0.413312
87529         25278.49  158.9921         159    0.0099      0.408208
87530         25278.78  158.9930         159    0.0088      0.408203
87531         25279.06  158.9939         159    0.0077      0.408198
87532         25279.35  158.9948         159    0.0065      0.408194
87533         25279.64  158.9957         159    0.0054      0.408189
87534         25279.93  158.9966         159    0.0042      0.408184
87535         25280.22  158.9975         159    0.0031      0.408180
87536         25280.51  158.9985         159    0.0019      0.408175
87537         25280.80  158.9994         159    0.0008      0.408170
87538         25281.09  159.0003         159    0.0003      0.408166
87539         25281.37  159.0012         159    0.0015      0.408161
87540         25281.66  159.0021         159    0.0026      0.408156
87541         25281.95  159.0030         159    0.0038      0.408152
87542         25282.24  159.0039         159    0.0049      0.408147
87543         25282.53  159.0048         159    0.0061      0.408142
87544         25282.82  159.0057         159    0.0072      0.408138
87545         25283.11  159.0066         159    0.0083      0.408133
87546         25283.40  159.0075         159    0.0095      0.408128
88634         25597.61  159.9925         160    0.0093      0.403118
88635         25597.90  159.9934         160    0.0082      0.403114
88636         25598.19  159.9943         160    0.0071      0.403109
88637         25598.48  159.9952         160    0.0059      0.403105
88638         25598.77  159.9961         160    0.0048      0.403100
88639         25599.06  159.9970         160    0.0037      0.403096
88640         25599.34  159.9980         160    0.0026      0.403091
88641         25599.63  159.9989         160    0.0014      0.403087
88642         25599.92  159.9998         160    0.0003      0.403082
88643         25600.21  160.0007         160    0.0008      0.403078
88644         25600.50  160.0016         160    0.0020      0.403073
88645         25600.79  160.0025         160    0.0031      0.403068
88646         25601.08  160.0034         160    0.0042      0.403064
88647         25601.37  160.0043         160    0.0053      0.403059
88648         25601.65  160.0052         160    0.0065      0.403055
88649         25601.94  160.0061         160    0.0076      0.403050
88650         25602.23  160.0070         160    0.0087      0.403046
88651         25602.52  160.0079         160    0.0098      0.403041
89745         25918.47  160.9921         161    0.0098      0.398128
89746         25918.76  160.9930         161    0.0086      0.398124
89747         25919.05  160.9939         161    0.0075      0.398119
89748         25919.34  160.9948         161    0.0064      0.398115
89749         25919.63  160.9957         161    0.0053      0.398110
89750         25919.91  160.9966         161    0.0042      0.398106
89751         25920.20  160.9975         161    0.0031      0.398101
89752         25920.49  160.9984         161    0.0020      0.398097
89753         25920.78  160.9993         161    0.0008      0.398093
89754         25921.07  161.0002         161    0.0003      0.398088
89755         25921.36  161.0011         161    0.0014      0.398084
89756         25921.65  161.0020         161    0.0025      0.398079
89757         25921.94  161.0029         161    0.0036      0.398075
89758         25922.22  161.0038         161    0.0047      0.398070
89759         25922.51  161.0047         161    0.0058      0.398066
89760         25922.80  161.0056         161    0.0070      0.398061
89761         25923.09  161.0065         161    0.0081      0.398057
89762         25923.38  161.0074         161    0.0092      0.398053
90864         26241.64  161.9927         162    0.0090      0.393225
90865         26241.93  161.9936         162    0.0079      0.393221
90866         26242.22  161.9945         162    0.0068      0.393216
90867         26242.50  161.9954         162    0.0057      0.393212
90868         26242.79  161.9963         162    0.0046      0.393208
90869         26243.08  161.9972         162    0.0035      0.393203
90870         26243.37  161.9981         162    0.0024      0.393199
90871         26243.66  161.9990         162    0.0013      0.393195
90872         26243.95  161.9998         162    0.0002      0.393190
90873         26244.24  162.0007         162    0.0009      0.393186
90874         26244.53  162.0016         162    0.0020      0.393182
90875         26244.82  162.0025         162    0.0031      0.393177
90876         26245.10  162.0034         162    0.0042      0.393173
90877         26245.39  162.0043         162    0.0053      0.393169
90878         26245.68  162.0052         162    0.0064      0.393164
90879         26245.97  162.0061         162    0.0075      0.393160
90880         26246.26  162.0070         162    0.0086      0.393156
90881         26246.55  162.0079         162    0.0097      0.393151
91989         26566.54  162.9925         163    0.0093      0.388416
91990         26566.83  162.9933         163    0.0082      0.388412
91991         26567.12  162.9942         163    0.0071      0.388408
91992         26567.41  162.9951         163    0.0060      0.388403
91993         26567.70  162.9960         163    0.0049      0.388399
91994         26567.98  162.9969         163    0.0038      0.388395
91995         26568.27  162.9978         163    0.0027      0.388391
91996         26568.56  162.9987         163    0.0017      0.388386
91997         26568.85  162.9995         163    0.0006      0.388382
91998         26569.14  163.0004         163    0.0005      0.388378
91999         26569.43  163.0013         163    0.0016      0.388374
92000         26569.72  163.0022         163    0.0027      0.388370
92001         26570.01  163.0031         163    0.0038      0.388365
92002         26570.29  163.0040         163    0.0049      0.388361
92003         26570.58  163.0049         163    0.0060      0.388357
92004         26570.87  163.0057         163    0.0070      0.388353
92005         26571.16  163.0066         163    0.0081      0.388348
92006         26571.45  163.0075         163    0.0092      0.388344
93121         26893.46  163.9923         164    0.0094      0.383694
93122         26893.75  163.9931         164    0.0084      0.383690
93123         26894.04  163.9940         164    0.0073      0.383686
93124         26894.33  163.9949         164    0.0062      0.383682
93125         26894.62  163.9958         164    0.0051      0.383678
93126         26894.91  163.9967         164    0.0041      0.383674
93127         26895.20  163.9975         164    0.0030      0.383670
93128         26895.48  163.9984         164    0.0019      0.383665
93129         26895.77  163.9993         164    0.0008      0.383661
93130         26896.06  164.0002         164    0.0002      0.383657
93131         26896.35  164.0011         164    0.0013      0.383653
93132         26896.64  164.0020         164    0.0024      0.383649
93133         26896.93  164.0028         164    0.0035      0.383645
93134         26897.22  164.0037         164    0.0045      0.383641
93135         26897.51  164.0046         164    0.0056      0.383637
93136         26897.80  164.0055         164    0.0067      0.383633
93137         26898.08  164.0064         164    0.0077      0.383628
93138         26898.37  164.0072         164    0.0088      0.383624
93139         26898.66  164.0081         164    0.0099      0.383620
94260         27222.41  164.9921         165    0.0095      0.379058
94261         27222.70  164.9930         165    0.0085      0.379054
94262         27222.99  164.9939         165    0.0074      0.379050
94263         27223.27  164.9948         165    0.0063      0.379046
94264         27223.56  164.9956         165    0.0053      0.379042
94265         27223.85  164.9965         165    0.0042      0.379038
94266         27224.14  164.9974         165    0.0032      0.379034
94267         27224.43  164.9983         165    0.0021      0.379030
94268         27224.72  164.9991         165    0.0010      0.379026
94269         27225.01  165.0000         165    0.0000      0.379022
94270         27225.30  165.0009         165    0.0011      0.379018
94271         27225.58  165.0018         165    0.0021      0.379014
94272         27225.87  165.0026         165    0.0032      0.379010
94273         27226.16  165.0035         165    0.0043      0.379006
94274         27226.45  165.0044         165    0.0053      0.379002
94275         27226.74  165.0053         165    0.0064      0.378998
94276         27227.03  165.0061         165    0.0075      0.378994
94277         27227.32  165.0070         165    0.0085      0.378990
94278         27227.61  165.0079         165    0.0096      0.378986
95406         27553.37  165.9921         166    0.0095      0.374505
95407         27553.66  165.9930         166    0.0085      0.374501
95408         27553.95  165.9938         166    0.0074      0.374497
95409         27554.24  165.9947         166    0.0064      0.374493
95410         27554.53  165.9956         166    0.0053      0.374489
95411         27554.82  165.9964         166    0.0043      0.374485
95412         27555.11  165.9973         166    0.0032      0.374481
95413         27555.40  165.9982         166    0.0022      0.374477
95414         27555.68  165.9990         166    0.0011      0.374473
95415         27555.97  165.9999         166    0.0001      0.374469
95416         27556.26  166.0008         166    0.0010      0.374465
95417         27556.55  166.0017         166    0.0020      0.374462
95418         27556.84  166.0025         166    0.0030      0.374458
95419         27557.13  166.0034         166    0.0041      0.374454
95420         27557.42  166.0043         166    0.0051      0.374450
95421         27557.71  166.0051         166    0.0062      0.374446
95422         27557.99  166.0060         166    0.0072      0.374442
95423         27558.28  166.0069         166    0.0083      0.374438
95424         27558.57  166.0077         166    0.0093      0.374434
96559         27886.36  166.9921         167    0.0095      0.370033
96560         27886.65  166.9930         167    0.0084      0.370029
96561         27886.94  166.9938         167    0.0074      0.370025
96562         27887.23  166.9947         167    0.0064      0.370021
96563         27887.52  166.9956         167    0.0053      0.370018
96564         27887.81  166.9964         167    0.0043      0.370014
96565         27888.09  166.9973         167    0.0032      0.370010
96566         27888.38  166.9982         167    0.0022      0.370006
96567         27888.67  166.9990         167    0.0012      0.370002
96568         27888.96  166.9999         167    0.0001      0.369998
96569         27889.25  167.0007         167    0.0009      0.369995
96570         27889.54  167.0016         167    0.0019      0.369991
96571         27889.83  167.0025         167    0.0030      0.369987
96572         27890.12  167.0033         167    0.0040      0.369983
96573         27890.40  167.0042         167    0.0050      0.369979
96574         27890.69  167.0051         167    0.0061      0.369975
96575         27890.98  167.0059         167    0.0071      0.369972
96576         27891.27  167.0068         167    0.0081      0.369968
96577         27891.56  167.0077         167    0.0092      0.369964
97719         28221.37  167.9922         168    0.0093      0.365640
97720         28221.66  167.9930         168    0.0083      0.365637
97721         28221.95  167.9939         168    0.0073      0.365633
97722         28222.24  167.9948         168    0.0062      0.365629
97723         28222.53  167.9956         168    0.0052      0.365625
97724         28222.82  167.9965         168    0.0042      0.365622
97725         28223.10  167.9973         168    0.0032      0.365618
97726         28223.39  167.9982         168    0.0022      0.365614
97727         28223.68  167.9991         168    0.0011      0.365610
97728         28223.97  167.9999         168    0.0001      0.365607
97729         28224.26  168.0008         168    0.0009      0.365603
97730         28224.55  168.0016         168    0.0019      0.365599
97731         28224.84  168.0025         168    0.0030      0.365595
97732         28225.13  168.0034         168    0.0040      0.365592
97733         28225.41  168.0042         168    0.0050      0.365588
97734         28225.70  168.0051         168    0.0060      0.365584
97735         28225.99  168.0059         168    0.0071      0.365580
97736         28226.28  168.0068         168    0.0081      0.365577
97737         28226.57  168.0076         168    0.0091      0.365573
98886         28558.40  168.9923         169    0.0091      0.361325
98887         28558.69  168.9932         169    0.0081      0.361322
98888         28558.98  168.9940         169    0.0071      0.361318
98889         28559.27  168.9949         169    0.0061      0.361314
98890         28559.56  168.9957         169    0.0051      0.361311
98891         28559.85  168.9966         169    0.0040      0.361307
98892         28560.14  168.9974         169    0.0030      0.361303
98893         28560.42  168.9983         169    0.0020      0.361300
98894         28560.71  168.9992         169    0.0010      0.361296
98895         28561.00  169.0000         169    0.0000      0.361292
98896         28561.29  169.0009         169    0.0010      0.361289
98897         28561.58  169.0017         169    0.0020      0.361285
98898         28561.87  169.0026         169    0.0030      0.361281
98899         28562.16  169.0034         169    0.0041      0.361278
98900         28562.45  169.0043         169    0.0051      0.361274
98901         28562.73  169.0051         169    0.0061      0.361270
98902         28563.02  169.0060         169    0.0071      0.361267
98903         28563.31  169.0068         169    0.0081      0.361263
98904         28563.60  169.0077         169    0.0091      0.361259
